
SK63_C
Система координат 1963 года, 3 градусная зона, район C 
1963_C3 зона 1, 8, 1001, 7, 24.95, 0, 1, 1250000, -11057.628
1963_C3 зона 2, 8, 1001, 7, 27.95, 0, 1, 2250000, -11057.628
1963_C3 зона 3, 8, 1001, 7, 30.95, 0, 1, 3250000, -11057.628
1963_C3 зона 4, 8, 1001, 7, 33.95, 0, 1, 4250000, -11057.628
1963_C3 зона 5, 8, 1001, 7, 36.95, 0, 1, 5250000, -11057.628
1963_C3 зона 6, 8, 1001, 7, 39.95, 0, 1, 6250000, -11057.628

SK63_D
Система координат 1963 года, 3 градусная зона, район D
1963_D3 зона 1, 8, 1001, 7, 38.55, 0, 1, 1250000, -14743.504
1963_D3 зона 2, 8, 1001, 7, 41.55, 0, 1, 2250000, -14743.504
1963_D3 зона 3, 8, 1001, 7, 44.55, 0, 1, 3250000, -14743.504
1963_D3 зона 4, 8, 1001, 7, 47.55, 0, 1, 4250000, -14743.504
1963_D3 зона 5, 8, 1001, 7, 50.55, 0, 1, 5250000, -14743.504
1963_D3 зона 6, 8, 1001, 7, 53.55, 0, 1, 6250000, -14743.504
1963_D3 зона 7, 8, 1001, 7, 56.55, 0, 1, 7250000, -14743.504
1963_D3 зона 8, 8, 1001, 7, 59.55, 0, 1, 8250000, -14743.504

SK63_E
Система координат 1963 года, 3 градусная зона, район E
1963_E3 зона 1, 8, 1001, 7, 77.783333333333, 0, 1, 1300000, -14743.504
1963_E3 зона 2, 8, 1001, 7, 80.783333333333, 0, 1, 2300000, -14743.504
1963_E3 зона 3, 8, 1001, 7, 83.783333333333, 0, 1, 3300000, -14743.504
1963_E3 зона 4, 8, 1001, 7, 86.783333333333, 0, 1, 4300000, -14743.504
1963_E3 зона 5, 8, 1001, 7, 89.783333333333, 0, 1, 5300000, -14743.504

SK63_F
Система координат 1963 года, 3 градусная зона, район F
1963_F3 зона 1, 8, 1001, 7, 97.033333333333, 0, 1, 1250000, -11057.628
1963_F3 зона 2, 8, 1001, 7, 100.033333333333, 0, 1, 2250000, -11057.628
1963_F3 зона 3, 8, 1001, 7, 103.033333333333, 0, 1, 3250000, -11057.628

SK63_G
Система координат 1963 года, 3 градусная зона, район G
1963_G3 зона 1, 8, 1001, 7, 121.71666666667, 0, 1, 1300000, -16586.442
1963_G3 зона 2, 8, 1001, 7, 124.71666666667, 0, 1, 2300000, -16586.442
1963_G3 зона 3, 8, 1001, 7, 127.71666666667, 0, 1, 3300000, -16586.442
1963_G3 зона 4, 8, 1001, 7, 130.71666666667, 0, 1, 4300000, -16586.442
1963_G3 зона 5, 8, 1001, 7, 133.71666666667, 0, 1, 5300000, -16586.442
1963_G3 зона 6, 8, 1001, 7, 136.71666666667, 0, 1, 6300000, -16586.442
1963_G3 зона 7, 8, 1001, 7, 139.71666666667, 0, 1, 7300000, -16586.442
1963_G3 зона 8, 8, 1001, 7, 142.71666666667, 0, 1, 8300000, -16586.442
1963_G3 зона 9, 8, 1001, 7, 145.71666666667, 0, 1, 9300000, -16586.442

SK63_J
Система координат 1963 года, 6 градусная зона, район J
1963_J6 зона 1, 8, 1001, 9, 158.46666666667, 0, 1, 1400000, -16586.442
1963_J6 зона 2, 8, 1001, 9, 164.46666666667, 0, 1, 2400000, -16586.442
1963_J6 зона 3, 8, 1001, 9, 170.46666666667, 0, 1, 3400000, -16586.442
1963_J6 зона 4, 8, 1001, 9, 176.46666666667, 0, 1, 4400000, -16586.442
1963_J6 зона 5, 8, 1001, 9, 182.46666666667, 0, 1, 5400000, -16586.442

SK63_M
Система координат 1963 года, 3 градусная зона, район M
1963_M3 зона 1, 8, 1001, 7, 79.466666666677, 0, 1, 1300000, -12900.566
1963_M3 зона 2, 8, 1001, 7, 82.466666666677, 0, 1, 2300000, -12900.566
1963_M3 зона 3, 8, 1001, 7, 85.466666666677, 0, 1, 3300000, -12900.566
1963_M3 зона 4, 8, 1001, 7, 88.466666666677, 0, 1, 4300000, -12900.566

SK63_P
Система координат 1963 года, 3 градусная зона, район P
1963_P3 зона 1, 8, 1001, 7, 32.48333333333, 0, 1, 1250000, -12900.566
1963_P3 зона 2, 8, 1001, 7, 35.48333333333, 0, 1, 2250000, -12900.566
1963_P3 зона 3, 8, 1001, 7, 38.48333333333, 0, 1, 3250000, -12900.566
1963_P3 зона 4, 8, 1001, 7, 41.48333333333, 0, 1, 4250000, -12900.566

SK63_Q
Система координат 1963 года, 6 градусная зона, район Q
1963_Q6 зона 1, 8, 1001, 7, 60.03333333333, 0, 1, 1400000, -11057.628
1963_Q6 зона 2, 8, 1001, 7, 66.03333333333, 0, 1, 2400000, -11057.628
1963_Q6 зона 3, 8, 1001, 7, 72.03333333333, 0, 1, 3400000, -11057.628
1963_Q6 зона 4, 8, 1001, 7, 78.03333333333, 0, 1, 4400000, -11057.628
1963_Q6 зона 5, 8, 1001, 7, 84.03333333333, 0, 1, 5400000, -11057.628

SK63_R
Система координат 1963 года, 3 градусная зона, район R
1963_R3 зона 1, 8, 1001, 8, 43.05, 0, 1, 1300000, -14743.504
1963_R3 зона 2, 8, 1001, 8, 46.05, 0, 1, 2300000, -14743.504
1963_R3 зона 3, 8, 1001, 8, 49.05, 0, 1, 3300000, -14743.504

SK63_S
Система координат 1963 года, 6 градусная зона, район S
1963_S6 зона 1, 8, 1001, 7, 108.45, 0, 1, 1400000, -12900.566
1963_S6 зона 2, 8, 1001, 7, 114.45, 0, 1, 2400000, -12900.566
1963_S6 зона 3, 8, 1001, 7, 120.45, 0, 1, 3400000, -12900.566
1963_S6 зона 4, 8, 1001, 7, 126.45, 0, 1, 4400000, -12900.566
1963_S6 зона 5, 8, 1001, 7, 132.45, 0, 1, 5400000, -12900.566
1963_S6 зона 6, 8, 1001, 7, 138.45, 0, 1, 6400000, -12900.566
1963_S6 зона 7, 8, 1001, 7, 144.45, 0, 1, 7400000, -12900.566
1963_S6 зона 8, 8, 1001, 7, 150.45, 0, 1, 8400000, -12900.566
1963_S6 зона 9, 8, 1001, 7, 156.45, 0, 1, 9400000, -12900.566
1963_S6 зона 10, 8, 1001, 7, 162.45, 0, 1, 10400000, -12900.566
1963_S6 зона 12, 8, 1001, 7, 168.45, 0, 1, 11400000, -12900.566
1963_S6 зона 12, 8, 1001, 7, 174.45, 0, 1, 12400000, -12900.566
1963_S6 зона 13, 8, 1001, 7, 180.45, 0, 1, 13400000, -12900.566

SK63_T
Система координат 1963 года, 3 градусная зона, район T
1963_T3 зона 1, 8, 1001, 8, 37.98333333333, 0, 1, 1300000, -11057.628
1963_T3 зона 2, 8, 1001, 8, 40.98333333333, 0, 1, 2300000, -11057.628
1963_T3 зона 3, 8, 1001, 8, 43.98333333333, 0, 1, 3300000, -11057.628
1963_T3 зона 4, 8, 1001, 8, 46.98333333333, 0, 1, 4300000, -11057.628

SK63_X
Система координат 1963 года, 3 градусная зона, район X
1963_X3 зона 1, 8, 1001, 7, 23.5, 0, 1, 1300000, -9214.69
1963_X3 зона 2, 8, 1001, 7, 26.5, 0, 1, 2300000, -9214.69
1963_X3 зона 3, 8, 1001, 7, 29.5, 0, 1, 3300000, -9214.69
1963_X3 зона 4, 8, 1001, 7, 32.5, 0, 1, 4300000, -9214.69
1963_X3 зона 5, 8, 1001, 7, 35.5, 0, 1, 5300000, -9214.69
1963_X3 зона 6, 8, 1001, 7, 38.5, 0, 1, 6300000, -9214.69

