Система 1963 года, 3 градусная зона, район D 
1963_D3 зона 1, 8, 1001, 7, 38.55, 0, 1, 1250000, -14743.499
1963_D3 зона 2, 8, 1001, 7, 41.55, 0, 1, 2250000, -14743.499
1963_D3 зона 3, 8, 1001, 7, 44.55, 0, 1, 3250000, -14743.499
1963_D3 зона 4, 8, 1001, 7, 47.55, 0, 1, 4250000, -14743.499
1963_D3 зона 5, 8, 1001, 7, 50.55, 0, 1, 5250000, -14743.499
1963_D3 зона 6, 8, 1001, 7, 53.55, 0, 1, 6250000, -14743.499
1963_D3 зона 7, 8, 1001, 7, 56.55, 0, 1, 7250000, -14743.499

Система 1963 года, 3 градусная зона, район I 
1963_I3 зона 0, 8, 1001, 7, 68.7333333333, 0, 1, 0250000, -12900.572
1963_I3 зона 1, 8, 1001, 7, 71.7333333333, 0, 1, 1250000, -12900.572
1963_I3 зона 2, 8, 1001, 7, 74.7333333333, 0, 1, 2250000, -12900.572
1963_I3 зона 3, 8, 1001, 7, 77.7333333333, 0, 1, 3250000, -12900.572
1963_I3 зона 4, 8, 1001, 7, 80.7333333333, 0, 1, 4250000, -12900.572
1963_I3 зона 5, 8, 1001, 7, 83.7333333333, 0, 1, 5250000, -12900.572
1963_I3 зона-5, 8, 1001, 7, 83.7333333333, 0, 1, 0250000, -12900.572
	
Система 1963 года, 3 градусная зона, район V 
1963_V3 зона 1, 8, 1001, 7, 49.03333333333, 0, 1, 1300000, -9414.70
1963_V3 зона 2, 8, 1001, 7, 52.03333333333, 0, 1, 2300000, -9414.70
1963_V3 зона 3, 8, 1001, 7, 55.03333333333, 0, 1, 3300000, -9414.70
1963_V3 зона 4, 8, 1001, 7, 58.03333333333, 0, 1, 4300000, -9414.70
1963_V3 зона 5, 8, 1001, 7, 61.03333333333, 0, 1, 5300000, -9414.70
1963_V3 зона 6, 8, 1001, 7, 64.03333333333, 0, 1, 6300000, -9414.70

Система 1963 года, 6 градусная зона, район L 
1963_L6 зона 1, 8, 1001, 7, 80.48333333333, 0, 1, 1500000, -16586.442
1963_L6 зона 2, 8, 1001, 7, 86.48333333333, 0, 1, 2500000, -16586.442
1963_L6 зона 3, 8, 1001, 7, 92.48333333333, 0, 1, 3500000, -16586.442
1963_L6 зона 4, 8, 1001, 7, 98.48333333333, 0, 1, 4500000, -16586.442

 Система 1963 года, 3 градусная зона, район L 
1963_L3 зона 1, 8, 1001, 7, 80.48333333333, 0, 1, 1500000, -16586.442
1963_L3 зона 2, 8, 1001, 7, 83.48333333333, 0, 1, 2500000, -16586.442
1963_L3 зона 3, 8, 1001, 7, 86.48333333333, 0, 1, 3500000, -16586.442
1963_L3 зона 4, 8, 1001, 7, 89.48333333333, 0, 1, 4500000, -16586.442
1963_L3 зона 5, 8, 1001, 7, 92.48333333333, 0, 1, 5500000, -16586.442

Местная система координат п.Искитим 
GK (Iskitim), 8, 1001, 7, 84.00, 0, 1, 46500.08, -6065499.69

Местная система координат п.Верх.Ельцовка 
GK (Berdsk), 8, 1001, 7, 84.00, 0, 1, 63491.44, -6063760.86

Местная система координат п.Городской 
GK (Cherepanovo), 8, 1001, 7, 81.00, 0, 1, -149456.87, -6010178.10

Местная система координат п.Совхозный 
GR (Maslanino), 8, 1001, 7, 84.00, 0, 1,  -5636.19, -6015419.16

Новосибирск 
Novosib, 8, 1001, 7, 83.00, 0, 1, 21124.81, -6077560.26