
MSK52
МСК-52 Нижегородская область
МСК-52 зона 1,8,1001,7,41.55,0,1,1250000,-5714743.504
МСК-52 зона 2,8,1001,7,44.55,0,1,2250000,-5714743.504
МСК-52 зона 3,8,1001,7,47.55,0,1,3250000,-5714743.504

MSK01
МСК-01 Республика Адыгея 
МСК-01 зона 1,8,1001,7,37.98333333333,0,1,1300000,-4511057.628
МСК-01 зона 2,8,1001,7,40.98333333333,0,1,2300000,-4511057.628

MSK01_GOST08
МСК-01 Республика Адыгея ГОСТ 51794-2008 
МСК-01 зона 1,8,9999,3,23.57,-140.95,-79.8,0,-0.35,-0.79,-0.22,0,7,37.98333333333,0,1,1300000,-4511057.628
МСК-01 зона 2,8,9999,3,23.57,-140.95,-79.8,0,-0.35,-0.79,-0.22,0,7,40.98333333333,0,1,2300000,-4511057.628

MSK02
МСК-02 Республика Башкортостан 
МСК-02 зона 1,8,1001,7,55.03333333333,0,1,1300000,-5409414.70
МСК-02 зона 2,8,1001,7,58.03333333333,0,1,2300000,-5409414.70

MSK02_GOST08
МСК-02 Республика Башкортостан ГОСТ 51794-2008 
МСК-02 зона 1,8,9999,3,23.57,-140.95,-79.8,0,-0.35,-0.79,-0.22,0,7,55.03333333333,0,1,1300000,-5409414.70
МСК-02 зона 2,8,9999,3,23.57,-140.95,-79.8,0,-0.35,-0.79,-0.22,0,7,58.03333333333,0,1,2300000,-5409414.70

MSK03
МСК-03 Республика Бурятия 
МСК-03 зона 1,8,1001,7,100.03333333333,0,1,1250000,-5211057.63
МСК-03 зона 2,8,1001,7,103.03333333333,0,1,2250000,-5211057.63
МСК-03 зона 3,8,1001,7,106.03333333333,0,1,3250000,-5211057.63
МСК-03 зона 4,8,1001,7,109.03333333333,0,1,4250000,-5211057.63
МСК-03 зона 5,8,1001,7,112.03333333333,0,1,5250000,-5211057.63
МСК-03 зона 6,8,1001,7,115.03333333333,0,1,6250000,-5211057.63
МСК-03 зона 7,8,1001,7,118.03333333333,0,1,7250000,-5211057.63

MSK04
МСК-04 Республика Алтай 
МСК-04 зона 1,8,1001,7,85.46666666666,0,1,1300000,-5112900.56
МСК-04 зона 2,8,1001,7,88.46666666666,0,1,2300000,-5112900.56

MSK05
МСК-05 Республика Дагестан 
МСК-05,8,1001,7,46.98333333333,0,1,4300000,-11057.628

MSK05_GOST08
МСК-05 Республика Дагестан ГОСТ 51794-2008 
МСК-05,8,9999,3,23.57,-140.95,-79.8,0,-0.35,-0.79,-0.22,0,7,46.98333333333,0,1,4300000,-11057.628

MSK06
МСК-06 Республика Ингушетия 
МСК-06 зона 1,8,1001,7,43.98333333333,0,1,1300000,-4311057.63

MSK07
МСК-07 Кабардино-Балкарская Республика 
МСК-07 зона 1,8,1001,7,43.98333333333,0,1,1300000,-4311057.63

MSK08
МСК-08 Республика Калмыкия 
МСК-08 зона 1,8,1001,7,40.98333333333,0,1,1300000,-4711057.63
МСК-08 зона 2,8,1001,7,43.98333333333,0,1,2300000,-4711057.63
МСК-08 зона 3,8,1001,7,46.98333333333,0,1,3300000,-4711057.63

MSK08_GOST08
МСК-08 Республика Калмыкия ГОСТ 51794-2008 
МСК-08 зона 1,8,9999,3,23.57,-140.95,-79.8,0,-0.35,-0.79,-0.22,0,7,40.98333333333,0,1,1300000,-4711057.63
МСК-08 зона 2,8,9999,3,23.57,-140.95,-79.8,0,-0.35,-0.79,-0.22,0,7,43.98333333333,0,1,2300000,-4711057.63
МСК-08 зона 3,8,9999,3,23.57,-140.95,-79.8,0,-0.35,-0.79,-0.22,0,7,46.98333333333,0,1,3300000,-4711057.63

MSK09
МСК-09 Республика Карачаево-Черкесия 
МСК-09 зона 1,8,1001,7,40.98333333333,0,1,1300000,-4311057.63

MSK10
МСК-10 Республика Карелия 
МСК-10 зона 1,8,1001,7,32.03333333333,0,1,1400000,-6511057.63
МСК-10 зона 2,8,1001,7,38.03333333333,0,1,2400000,-6511057.63

MSK11
МСК-11 Республика Коми 
МСК-11 зона 1,8,1001,7,41.03333333333,0,1,1400000,-6211057.628
МСК-11 зона 2,8,1001,7,44.03333333333,0,1,2400000,-6211057.628
МСК-11 зона 3,8,1001,7,47.03333333333,0,1,3400000,-6211057.628
МСК-11 зона 4,8,1001,7,50.03333333333,0,1,4400000,-6211057.628
МСК-11 зона 5,8,1001,7,53.03333333333,0,1,5400000,-6211057.628
МСК-11 зона 6,8,1001,7,56.03333333333,0,1,6400000,-6211057.628
МСК-11 зона 7,8,1001,7,59.03333333333,0,1,7400000,-6211057.628
МСК-11 зона 8,8,1001,7,62.03333333333,0,1,8400000,-6211057.628
МСК-11 зона 9,8,1001,7,65.03333333333,0,1,9400000,-6211057.628

MSK11_GOST08
МСК-11 Республика Коми ГОСТ 51794-2008 
МСК-11 зона 1,8,9999,3,23.57,-140.95,-79.8,0,-0.35,-0.79,-0.22,0,7,41.03333333333,0,1,1400000,-6211057.628
МСК-11 зона 2,8,9999,3,23.57,-140.95,-79.8,0,-0.35,-0.79,-0.22,0,7,44.03333333333,0,1,2400000,-6211057.628
МСК-11 зона 3,8,9999,3,23.57,-140.95,-79.8,0,-0.35,-0.79,-0.22,0,7,47.03333333333,0,1,3400000,-6211057.628
МСК-11 зона 4,8,9999,3,23.57,-140.95,-79.8,0,-0.35,-0.79,-0.22,0,7,50.03333333333,0,1,4400000,-6211057.628
МСК-11 зона 5,8,9999,3,23.57,-140.95,-79.8,0,-0.35,-0.79,-0.22,0,7,53.03333333333,0,1,5400000,-6211057.628
МСК-11 зона 6,8,9999,3,23.57,-140.95,-79.8,0,-0.35,-0.79,-0.22,0,7,56.03333333333,0,1,6400000,-6211057.628
МСК-11 зона 7,8,9999,3,23.57,-140.95,-79.8,0,-0.35,-0.79,-0.22,0,7,59.03333333333,0,1,7400000,-6211057.628
МСК-11 зона 8,8,9999,3,23.57,-140.95,-79.8,0,-0.35,-0.79,-0.22,0,7,62.03333333333,0,1,8400000,-6211057.628
МСК-11 зона 8,8,9999,3,23.57,-140.95,-79.8,0,-0.35,-0.79,-0.22,0,7,65.03333333333,0,1,9400000,-6211057.628

MSK12
МСК-12 Республика Марий Эл 
МСК-12 зона 1,8,1001,7,47.55,0,1,1250000,-5914743.504
МСК-12 зона 2,8,1001,7,50.55,0,1,2250000,-5914743.504

MSK13
МСК-13 Республика Мордовия 
МСК-13 зона 1,8,1001,7,44.55,0,1,1250000,-5614743.504
МСК-13 зона 2,8,1001,7,47.55,0,1,2250000,-5614743.504

MSK14
МСК-14 Республика Саха (Якутия) 
МСК-14 зона 1,8,1001,7,108.45,0,1,1400000,-5912900.566
МСК-14 зона 2,8,1001,7,114.45,0,1,2400000,-5912900.566
МСК-14 зона 3,8,1001,7,120.45,0,1,3400000,-5912900.566
МСК-14 зона 4,8,1001,7,126.45,0,1,4400000,-5912900.566
МСК-14 зона 5,8,1001,7,132.45,0,1,5400000,-5912900.566
МСК-14 зона 6,8,1001,7,138.45,0,1,6400000,-5912900.566
МСК-14 зона 7,8,1001,7,144.45,0,1,7400000,-5912900.566
МСК-14 зона 8,8,1001,7,150.45,0,1,8400000,-5912900.566
МСК-14 зона 9,8,1001,7,156.45,0,1,9400000,-5912900.566

MSK15
МСК-15 Северная Осетия - Алания 
МСК-15 зона 1,8,1001,7,43.98333333333,0,1,1300000,-4311057.63

MSK16
МСК-16 Республика Татарстан 
МСК-16 зона 1,8,1001,7,49.033333333333,0,1,1300000,-5709414.70
МСК-16 зона 2,8,1001,7,52.033333333333,0,1,2300000,-5709414.70
МСК-16 зона 3,8,1001,7,55.033333333333,0,1,3300000,-5709414.70

MSK18
МСК-18 Удмуртская Республика 
МСК-18 зона 1,8,1001,7,50.55,0,1,1250000,-5914743.504
МСК-18 зона 2,8,1001,7,53.55,0,1,2250000,-5914743.504

MSK20
МСК-20 Чеченская Республика 
МСК-20 зона 1,8,1001,7,43.98333333333,0,1,1300000,-4311057.63
МСК-20 зона 2,8,1001,7,46.98333333333,0,1,2300000,-4311057.63

MSK21
МСК-21 Чувашская Республика 
МСК-21 зона 1,8,1001,7,47.55,0,1,1250000,-5814743.504
МСК-21 зона 2,8,1001,7,50.55,0,1,2250000,-5814743.504

MSK22
МСК-22 Алтайский край 
МСК-22 зона 1,8,1001,7,79.46666666666,0,1,1300000,-5312900.56
МСК-22 зона 2,8,1001,7,82.46666666666,0,1,2300000,-5312900.56
МСК-22 зона 3,8,1001,7,85.46666666666,0,1,3300000,-5312900.56

MSK22_GOST08
МСК-22 Алтайский край ГОСТ 51794-2008 
МСК-22 зона 1,8,9999,3,23.57,-140.95,-79.8,0,-0.35,-0.79,-0.22,0,7,79.46666666666,0,1,1300000,-5312900.56
МСК-22 зона 2,8,9999,3,23.57,-140.95,-79.8,0,-0.35,-0.79,-0.22,0,7,82.46666666666,0,1,2300000,-5312900.56
МСК-22 зона 3,8,9999,3,23.57,-140.95,-79.8,0,-0.35,-0.79,-0.22,0,7,85.46666666666,0,1,3300000,-5312900.56

MSK23
МСК-23 Краснодарский край 
МСК-23 зона 1,8,1001,7,37.98333333333,0,1,1300000,-4511057.628
МСК-23 зона 2,8,1001,7,40.98333333333,0,1,2300000,-4511057.628

MSK23_GOST08
МСК-23 Краснодарский край ГОСТ 51794-2008 
МСК-23 зона 1,8,9999,3,23.57,-140.95,-79.8,0,-0.35,-0.79,-0.22,0,7,37.98333333333,0,1,1300000,-4511057.628
МСК-23 зона 2,8,9999,3,23.57,-140.95,-79.8,0,-0.35,-0.79,-0.22,0,7,40.98333333333,0,1,2300000,-4511057.628

MSK24
МСК-24 Красноярский край 
МСК-24 зона 1,8,1001,7,81.51666666666,0,1,1500000,-5416586.442
МСК-24 зона 2,8,1001,7,87.51666666666,0,1,2500000,-5416586.442
МСК-24 зона 3,8,1001,7,93.51666666666,0,1,3500000,-5416586.442
МСК-24 зона 4,8,1001,7,99.51666666666,0,1,4500000,-5416586.442
МСК-24 зона 5,8,1001,7,105.51666666666,0,1,5500000,-5416586.442
МСК-24 зона 6,8,1001,7,111.51666666666,0,1,6500000,-5416586.442

MSK25
МСК-25 Приморский край 
МСК-25 зона 1,8,1001,7,130.71666666666,0,1,1300000,-4416586.44
МСК-25 зона 2,8,1001,7,133.71666666666,0,1,2300000,-4416586.44
МСК-25 зона 3,8,1001,7,136.71666666666,0,1,3300000,-4416586.44
МСК-25 зона 4,8,1001,7,139.71666666666,0,1,4300000,-4416586.44

MSK26
МСК-26 Ставропольский край 
МСК-26 зона 1,8,1001,7,40.98333333333,0,1,1300000,-4511057.63
МСК-26 зона 2,8,1001,7,43.98333333333,0,1,2300000,-4511057.63

MSK26_GOST08
МСК-26 Ставропольский край ГОСТ 51794-2008 
МСК-26 зона 1,8,9999,3,23.57,-140.95,-79.8,0,-0.35,-0.79,-0.22,0,7,40.98333333333,0,1,1300000,-4511057.63
МСК-26 зона 2,8,9999,3,23.57,-140.95,-79.8,0,-0.35,-0.79,-0.22,0,7,43.98333333333,0,1,2300000,-4511057.63

MSK27
МСК-27 Хабаровский край 
МСК-27 зона 1,8,1001,7,130.71666666666,0,1,1300000,-4916586.44
МСК-27 зона 2,8,1001,7,133.71666666666,0,1,2300000,-4916586.44
МСК-27 зона 3,8,1001,7,136.71666666666,0,1,3300000,-4916586.44
МСК-27 зона 4,8,1001,7,139.71666666666,0,1,4300000,-4916586.44
МСК-27 зона 5,8,1001,7,142.71666666666,0,1,5300000,-4916586.44
МСК-27 зона 6,8,1001,7,145.71666666666,0,1,6300000,-4916586.44

MSK28
МСК-28 Амурская область 
МСК-28 зона 1,8,1001,7,121.71666666666,0,1,1300000,-5116586.44
МСК-28 зона 2,8,1001,7,124.71666666666,0,1,2300000,-5116586.44
МСК-28 зона 3,8,1001,7,127.71666666666,0,1,3300000,-5116586.44
МСК-28 зона 4,8,1001,7,130.71666666666,0,1,4300000,-5116586.44
МСК-28 зона 5,8,1001,7,133.71666666666,0,1,5300000,-5116586.44

MSK29
МСК-29 Архангельская область 6 градусные зоны 
МСК-29 зона 2,8,1001,7,38.03333333333,0,1,2400000,-6511057.628
МСК-29 зона 3,8,1001,7,44.03333333333,0,1,3400000,-6511057.628
МСК-29 зона 4,8,1001,7,50.03333333333,0,1,4400000,-6511057.628

MSK30
МСК-30 Астраханская область 
МСК-30 зона 1,8,1001,7,46.05,0,1,1300000,-4714743.504
МСК-30 зона 2,8,1001,7,49.05,0,1,2300000,-4714743.504

MSK30_GOST08
МСК-30 Астраханская область ГОСТ 51794-2008 
МСК-30 зона 1,8,9999,3,23.57,-140.95,-79.8,0,-0.35,-0.79,-0.22,0,7,46.05,0,1,1300000,-4714743.504
МСК-30 зона 2,8,9999,3,23.57,-140.95,-79.8,0,-0.35,-0.79,-0.22,0,7,49.05,0,1,2300000,-4714743.504

MSK31
МСК-31 Белгородская область ГОСТ 51794-2008 
МСК-31 зона 1,8,9999,3,23.57,-140.95,-79.8,0,-0.35,-0.79,-0.22,0,7,35.48333333333,0,1,1250000,-5212900.56
МСК-31 зона 2,8,9999,3,23.57,-140.95,-79.8,0,-0.35,-0.79,-0.22,0,7,38.48333333333,0,1,2250000,-5212900.56

MSK32
МСК-32 Брянская область 
МСК-32 зона 1,8,1001,7,32.48333333333,0,1,1250000,-5412900.56
МСК-32 зона 2,8,1001,7,35.48333333333,0,1,2250000,-5412900.56

MSK33
МСК-33 Владимирская область от СК-63 
МСК-33 зона 1,8,1001,7,38.55,0,1,1250000,-5814743.504
МСК-33 зона 2,8,1001,7,41.55,0,1,2250000,-5814743.504
МСК-33 зона 3,8,1001,7,44.55,0,1,3250000,-5814743.504

MSK33_SK95
МСК-33 Владимирская область от СК-95 
МСК-33 от СК-95,8,1001,7,39,0,1,134156.988,-6032524.376

MSK34
МСК-34 Волгоградская область 
МСК-34 зона 1,8,1001,7,43.05,0,1,1300000,-4914743.504
МСК-34 зона 2,8,1001,7,46.05,0,1,2300000,-4914743.504

MSK34_GOST08
МСК-34 Волгоградская область ГОСТ 51794-2008 
МСК-34 зона 1,8,9999,3,23.57,-140.95,-79.8,0,-0.35,-0.79,-0.22,0,7,43.05,0,1,1300000,-4914743.504
МСК-34 зона 2,8,9999,3,23.57,-140.95,-79.8,0,-0.35,-0.79,-0.22,0,7,46.05,0,1,2300000,-4914743.504

MSK35
МСК-35 Вологодская область 
МСК-35 зона 1,8,1001,7,35.55,0,1,1250000,-6214743.504
МСК-35 зона 2,8,1001,7,38.55,0,1,2250000,-6214743.504
МСК-35 зона 3,8,1001,7,41.55,0,1,3250000,-6214743.504
МСК-35 зона 4,8,1001,7,44.55,0,1,4250000,-6214743.504

MSK36
МСК-36 Воронежская область 
МСК-36 зона 1,8,1001,7,38.48333333333,0,1,1250000,-5212900.566
МСК-36 зона 2,8,1001,7,41.48333333333,0,1,2250000,-5212900.566

MSK37
МСК-37 Ивановская область 
МСК-37 зона 1,8,1001,7,38.55,0,1,1250000,-6014743.504
МСК-37 зона 2,8,1001,7,41.55,0,1,2250000,-6014743.504

MSK38
МСК-38 Иркутская область 
МСК-38 зона 1,8,1001,7,97.03333333333,0,1,1250000,-5411057.63
МСК-38 зона 2,8,1001,7,100.03333333333,0,1,2250000,-5411057.63
МСК-38 зона 3,8,1001,7,103.03333333333,0,1,3250000,-5411057.63
МСК-38 зона 4,8,1001,7,106.03333333333,0,1,4250000,-5411057.63
МСК-38 зона 5,8,1001,7,109.03333333333,0,1,5250000,-5411057.63
МСК-38 зона 6,8,1001,7,112.03333333333,0,1,6250000,-5411057.63
МСК-38 зона 7,8,1001,7,115.03333333333,0,1,7250000,-5411057.63
МСК-38 зона 8,8,1001,7,118.03333333333,0,1,8250000,-5411057.63

MSK39
МСК-39 Калининградская область 
МСК-39 зона 1,8,1001,7,21.45,0,1,1250000,-5711057.628

MSK39
МСК-39 Калининградская область ГОСТ 51794-2008 
МСК-39 зона 1,8,9999,3,23.57,-140.95,-79.8,0,-0.35,-0.79,-0.22,0,7,21.45,0,1,1250000,-5711057.628

MSK40
МСК-40 Калужская область 
МСК-40 зона 1,8,1001,7,35.48333333333,0,1,1250000,-5612900.566

MSK41
МСК-41 Камчатский край 
МСК-41 зона 1,8,1001,7,158.46666666667,0,1,1400000,-5316586.442
МСК-41 зона 2,8,1001,7,164.46666666667,0,1,2400000,-5316586.442
МСК-41 зона 3,8,1001,7,170.46666666667,0,1,3400000,-5316586.442

MSK42
МСК-42 Кемеровская область 
МСК-42 зона 1,8,1001,7,85.46666666666,0,1,1300000,-5512900.56
МСК-42 зона 2,8,1001,7,88.46666666666,0,1,2300000,-5512900.56

MSK43
МСК-43 Кировская область 
МСК-43 зона 1,8,1001,7,47.55,0,1,1250000,-5914743.504
МСК-43 зона 2,8,1001,7,50.55,0,1,2250000,-5914743.504
МСК-43 зона 3,8,1001,7,53.55,0,1,3250000,-5914743.504

MSK44
МСК-44 Костромская область 
МСК-44 зона 1,8,1001,7,38.55,0,1,1250000,-6114743.504
МСК-44 зона 2,8,1001,7,41.55,0,1,2250000,-6114743.504
МСК-44 зона 3,8,1001,7,44.55,0,1,3250000,-6114743.504
МСК-44 зона 4,8,1001,7,47.55,0,1,4250000,-6114743.504

MSK45
МСК-45 Курганская область 
МСК-45 зона 1,8,1001,7,61.03333333333,0,1,1300000,-5709414.70
МСК-45 зона 2,8,1001,7,64.03333333333,0,1,2300000,-5709414.70
МСК-45 зона 3,8,1001,7,67.03333333333,0,1,3300000,-5709414.70

MSK46
МСК-46 Курская область 
МСК-46 зона 1,8,1001,7,35.48333333333,0,1,1250000,-5312900.566
МСК-46 зона 2,8,1001,7,38.48333333333,0,1,2250000,-5312900.566

MSK47
МСК-47 Ленинградская область 
МСК-47 зона 1,8,1001,7,27.95,0,1,1250000,-6211057.628
МСК-47 зона 2,8,1001,7,30.95,0,1,2250000,-6211057.628
МСК-47 зона 3,8,1001,7,33.95,0,1,3250000,-6211057.628

MSK47_GOST08
МСК-47 Ленинградская область ГОСТ 51794-2008 
МСК-47 зона 1,8,9999,3,23.57,-140.95,-79.8,0,-0.35,-0.79,-0.22,0,7,27.95,0,1,1250000,-6211057.628
МСК-47 зона 2,8,9999,3,23.57,-140.95,-79.8,0,-0.35,-0.79,-0.22,0,7,30.95,0,1,2250000,-6211057.628
МСК-47 зона 3,8,9999,3,23.57,-140.95,-79.8,0,-0.35,-0.79,-0.22,0,7,33.95,0,1,3250000,-6211057.628

MSK_SPB-1964
МСК-1964 Санкт-Петербург 
МСК-1964 СПб,8,1001,7,30,0,1,95942.17,-6552810.0

MSK_SPB-1964_GOST08
МСК-1964 Санкт-Петербург ГОСТ 51794-2008 
МСК-1964 СПб ГОСТ 51794-2008,8,9999,3,23.57,-140.95,-79.8,0,-0.35,-0.79,-0.22,0,7,30,0,1,95942.17,-6552810.0

MSK48
МСК-48 Липецкая область 
МСК-48 зона 1,8,1001,7,38.48333333333,0,1,1250000,-5412900.566
МСК-48 зона 2,8,1001,7,41.48333333333,0,1,2250000,-5412900.566

MSK49
МСК-49 Магаданская область 
МСК-49 зона 1,8,1001,7,144.45,0,1,1400000,-6212900.566 
МСК-49 зона 2,8,1001,7,150.45,0,1,2400000,-6212900.566
МСК-49 зона 3,8,1001,7,156.45,0,1,3400000,-6212900.566
МСК-49 зона 4,8,1001,7,162.45,0,1,4400000,-6212900.566

MSK49_GOST08
МСК-49 Магаданская область ГОСТ 51794-2008 
МСК-49 зона 1,8,9999,3,23.57,-140.95,-79.8,0,-0.35,-0.79,-0.22,0,7,144.45,0,1,1400000,-6212900.566 
МСК-49 зона 2,8,9999,3,23.57,-140.95,-79.8,0,-0.35,-0.79,-0.22,0,7,150.45,0,1,2400000,-6212900.566 
МСК-49 зона 3,8,9999,3,23.57,-140.95,-79.8,0,-0.35,-0.79,-0.22,0,7,156.45,0,1,3400000,-6212900.566 
МСК-49 зона 4,8,9999,3,23.57,-140.95,-79.8,0,-0.35,-0.79,-0.22,0,7,162.45,0,1,4400000,-6212900.566 

MSK50
МСК-50 Москва и Московская область 
Московская СК,8,9999,10,316.151,78.924,589.650,1.57273,-2.69209,-2.34693,8.4507,0,7,37.5,55.66666666667,1,0,0
МСК-50 зона 1,8,9999,3,-118.754,-61.782,-93.237,-2.40896,-3.47502,1.29688,6.5177,0,7,35.48333333333,0,1,1250000,-5712900.566 
МСК-50 зона 2,8,9999,3,-118.754,-61.782,-93.237,-2.40896,-3.47502,1.29688,6.5177,0,7,38.48333333333,0,1,2250000,-5712900.566

MSK51
МСК-51 Мурманская область 
МСК-51 зона 1,8,1001,7,32.03333333333,0,1,1400000,-7011057.628
МСК-51 зона 2,8,1001,7,38.03333333333,0,1,2400000,-7011057.628

MSK52
МСК-52 Нижегородская область 
МСК-52 зона 1,8,1001,7,41.55,0,1,1250000,-5714743.504
МСК-52 зона 2,8,1001,7,44.55,0,1,2250000,-5714743.504
МСК-52 зона 3,8,1001,7,47.55,0,1,3250000,-5714743.504

MSK52_GOST08
МСК-52 Нижегородская область ГОСТ 51794-2008 
МСК-52 зона 1,8,9999,3,23.57,-140.95,-79.8,0,-0.35,-0.79,-0.22,0,7,41.55,0,1,1250000,-5714743.504
МСК-52 зона 2,8,9999,3,23.57,-140.95,-79.8,0,-0.35,-0.79,-0.22,0,7,44.55,0,1,2250000,-5714743.504
МСК-52 зона 3,8,9999,3,23.57,-140.95,-79.8,0,-0.35,-0.79,-0.22,0,7,47.55,0,1,3250000,-5714743.504

MSK53
МСК-53 Новгородская область 
МСК-53 зона 1,8,1001,7,29.48333333333,0,1,1250000,-5912900.56
МСК-53 зона 2,8,1001,7,32.48333333333,0,1,2250000,-5912900.56
МСК-53 зона 3,8,1001,7,35.48333333333,0,1,3250000,-5912900.56

MSK54
МСК-54 Новосибирская область 
МСК-54 зона 1,8,1001,7,74.73333333333,0,1,1250000,-5612900.566
МСК-54 зона 2,8,1001,7,77.73333333333,0,1,2250000,-5612900.566
МСК-54 зона 3,8,1001,7,80.73333333333,0,1,3250000,-5612900.566
МСК-54 зона 4,8,1001,7,83.73333333333,0,1,4250000,-5612900.566

MSK55
МСК-55 Омская область 
МСК-55 зона 1,8,1001,7,71.73333333333,0,1,1250000,-5612900.563
МСК-55 зона 2,8,1001,7,74.73333333333,0,1,2250000,-5612900.563

MSK56
МСК-56 Оренбургская область 
МСК-56 зона 1,8,1001,7,52.03333333333,0,1,1300000,-5309414.70
МСК-56 зона 2,8,1001,7,55.03333333333,0,1,2300000,-5309414.70
МСК-56 зона 3,8,1001,7,58.03333333333,0,1,3300000,-5309414.70
МСК-56 зона 4,8,1001,7,61.03333333333,0,1,4300000,-5309414.70

MSK56_GOST08
МСК-56 Оренбургская область ГОСТ 51794-2008 
МСК-56 зона 1,8,9999,3,23.57,-140.95,-79.8,0,-0.35,-0.79,-0.22,0,7,52.03333333333,0,1,1300000,-5309414.70
МСК-56 зона 2,8,9999,3,23.57,-140.95,-79.8,0,-0.35,-0.79,-0.22,0,7,55.03333333333,0,1,2300000,-5309414.70
МСК-56 зона 3,8,9999,3,23.57,-140.95,-79.8,0,-0.35,-0.79,-0.22,0,7,58.03333333333,0,1,3300000,-5309414.70
МСК-56 зона 4,8,9999,3,23.57,-140.95,-79.8,0,-0.35,-0.79,-0.22,0,7,61.03333333333,0,1,4300000,-5309414.70

MSK57
МСК-57 Орловская область 
МСК-57 зона 1,8,1001,7,32.48333333333,0,1,1250000,-12900.566
МСК-57 зона 2,8,1001,7,35.48333333333,0,1,2250000,-12900.566
МСК-57 зона 3,8,1001,7,38.48333333333,0,1,3250000,-12900.566

MSK58
МСК-58 Пензенская область 
МСК-58 зона 1,8,1001,7,43.05,0,1,1300000,-5514743.504
МСК-58 зона 2,8,1001,7,46.05,0,1,2300000,-5514743.504

MSK59
МСК-59 Пермский край 
МСК-59 зона 1,8,1001,7,53.55,0,1,1250000,-5914743.504
МСК-59 зона 2,8,1001,7,56.55,0,1,2250000,-5914743.504
МСК-59 зона 3,8,1001,7,59.55,0,1,3250000,-5914743.504

MSK50_GOST08
МСК-59 Пермский край ГОСТ 51794-2008 
МСК-59 зона 1,8,9999,3,23.57,-140.95,-79.8,0,-0.35,-0.79,-0.22,0,7,53.55,0,1,1250000,-5914743.504
МСК-59 зона 2,8,9999,3,23.57,-140.95,-79.8,0,-0.35,-0.79,-0.22,0,7,56.55,0,1,2250000,-5914743.504
МСК-59 зона 3,8,9999,3,23.57,-140.95,-79.8,0,-0.35,-0.79,-0.22,0,7,59.55,0,1,3250000,-5914743.504

MSK60
МСК-60  Псковская область 
МСК-60 зона 1,8,1001,7,27.95,0,1,1250000,-5911057.63
МСК-60 зона 2,8,1001,7,30.95,0,1,2250000,-5911057.63
МСК-60 зона 3,8,1001,7,33.95,0,1,3250000,-5911057.63

MSK60_GOST08
МСК-60 Псковская область ГОСТ 51794-2008 
МСК-60 зона 1,8,9999,3,23.57,-140.95,-79.8,0,-0.35,-0.79,-0.22,0,7,27.95,0,1,1250000,-5911057.63
МСК-60 зона 2,8,9999,3,23.57,-140.95,-79.8,0,-0.35,-0.79,-0.22,0,7,30.95,0,1,2250000,-5911057.63
МСК-60 зона 3,8,9999,3,23.57,-140.95,-79.8,0,-0.35,-0.79,-0.22,0,7,33.95,0,1,3250000,-5911057.63

MSK60
МСК-61 Ростовская область 
МСК-61 зона 1,8,1001,7,37.98333333333,0,1,1300000,-4811057.628
МСК-61 зона 2,8,1001,7,40.98333333333,0,1,2300000,-4811057.628
МСК-61 зона 3,8,1001,7,43.98333333333,0,1,3300000,-4811057.628

MSK61_GOST08
МСК-61 Ростовская область ГОСТ 51794-2008 
МСК-61 зона 1,8,9999,3,23.57,-140.95,-79.8,0,-0.35,-0.79,-0.22,0,7,37.98333333333,0,1,1300000,-4811057.628
МСК-61 зона 2,8,9999,3,23.57,-140.95,-79.8,0,-0.35,-0.79,-0.22,0,7,40.98333333333,0,1,2300000,-4811057.628
МСК-61 зона 3,8,9999,3,23.57,-140.95,-79.8,0,-0.35,-0.79,-0.22,0,7,43.98333333333,0,1,3300000,-4811057.628

MSK62
МСК-62 Рязанская область 
МСК-62 зона 1,8,1001,7,38.48333333333,0,1,1250000,-5612900.56
МСК-62 зона 2,8,1001,7,41.48333333333,0,1,2250000,-5612900.56
МСК-62 зона 3,8,1001,7,44.48333333333,0,1,3250000,-5612900.56

MSK63
МСК-63 Самарская область 
МСК-63 зона 1,8,1001,7,49.03333333333,0,1,1300000,-5509414.70
МСК-63 зона 2,8,1001,7,52.03333333333,0,1,2300000,-5509414.70

MSK63_GOST08
МСК-63 Самарская область ГОСТ 51794-2008 
МСК-63 зона 1,8,9999,3,23.57,-140.95,-79.8,0,-0.35,-0.79,-0.22,0,7,49.03333333333,0,1,1300000,-5509414.70
МСК-63 зона 2,8,9999,3,23.57,-140.95,-79.8,0,-0.35,-0.79,-0.22,0,7,52.03333333333,0,1,2300000,-5509414.70

MSK64
МСК-64 Саратовская область 
МСК-64 зона 1,8,1001,7,43.05,0,1,1300000,-5214743.504
МСК-64 зона 2,8,1001,7,46.05,0,1,2300000,-5214743.504
МСК-64 зона 3,8,1001,7,49.05,0,1,3300000,-5214743.504

MSK65
МСК-65 Сахалинская область 
МСК-65 зона 1,8,1001,7,142.71666666667,0,1,1300000,-4516586.439

MSK66
МСК-66 Свердловская область 3 градусные зоны 
МСК-66 зона 1,8,1001,7,60.05,0,1,1500000,-5911057.63
МСК-66 зона 2,8,1001,7,63.05,0,1,2500000,-5911057.63
МСК-66 зона 3,8,1001,7,66.05,0,1,3500000,-5911057.63

MSK66_6
МСК-66 Свердловская область 6 градусные зоны 
МСК-66 зона 1,8,1001,7,60.05,0,1,1500000,-5911057.63
МСК-66 зона 2,8,1001,7,66.05,0,1,2500000,-5911057.63

MSK67
МСК-67 Смоленская область 
МСК-67 зона 1,8,1001,7,32.48333333333,0,1,1250000,-5612900.56
МСК-67 зона 2,8,1001,7,35.48333333333,0,1,2250000,-5612900.56
МСК-67 зона 3,8,1001,7,38.48333333333,0,1,3250000,-5612900.56

MSK68
МСК-68 Тамбовская область 
МСК-68 зона 1,8,1001,7,41.48333333333,0,1,1250000,-5412900.56
МСК-68 зона 2,8,1001,7,44.48333333333,0,1,2250000,-5412900.56
МСК-68 зона 3,8,1001,7,47.48333333333,0,1,3250000,-5412900.56

MSK69
МСК-69 Тверская область 
МСК-69 зона 1,8,1001,7,32.48333333333,0,1,1250000,-6012900.566
МСК-69 зона 2,8,1001,7,35.48333333333,0,1,2250000,-6012900.566
МСК-69 зона 3,8,1001,7,38.48333333333,0,1,3250000,-6012900.566

MSK70
МСК-70 Томская область 
МСК-70 зона 1,8,1001,7,74.73333333333,0,1,1250000,-5912900.566
МСК-70 зона 2,8,1001,7,77.73333333333,0,1,2250000,-5912900.566
МСК-70 зона 3,8,1001,7,80.73333333333,0,1,3250000,-5912900.566
МСК-70 зона 4,8,1001,7,83.73333333333,0,1,4250000,-5912900.566
МСК-70 зона 5,8,1001,7,86.73333333333,0,1,5250000,-5912900.566
МСК-70 зона 6,8,1001,7,89.73333333333,0,1,6250000,-5912900.566

MSK71 
МСК-71 Тульская область 
Зона 1,8,1001,7,35.48333333333,0,1,1250000,-5612900.563
Зона 2,8,1001,7,38.48333333333,0,1,2250000,-5612900.563

MSK71_SK95
МСК-71.1 Тульская область на базе СК-95 
МСК-71.1,8,9999,3,24.83,-130.97,-81.74,0,0,-0.13,-0.22,0,7,37.427222222222,0,1,250000,-5263444.764

MSK72_1.5
МСК Тюменской области, 1.5 градусные зоны
Зона 1,8,1001,7,66.08333333,0,1,1500000,-6000000
Зона 2,8,1001,7,67.58333333,0,1,2500000,-6000000
Зона 3,8,1001,7,69.08333333,0,1,3500000,-6000000
Зона 4,8,1001,7,70.58333333,0,1,4500000,-6000000
Зона 5,8,1001,7,72.08333333,0,1,5500000,-6000000
Зона 6,8,1001,7,73.58333333,0,1,6500000,-6000000

MSK72
МСК-72 Тюменская область 3 градусные зоны 
Зона 1,8,1001,7,63.05,0,1,1500000,-5811057.63
Зона 2,8,1001,7,66.05,0,1,2500000,-5811057.63
Зона 3,8,1001,7,69.05,0,1,3500000,-5811057.63
Зона 4,8,1001,7,72.05,0,1,4500000,-5811057.63
Зона 5,8,1001,7,75.05,0,1,5500000,-5811057.63

MSK72_6
МСК-72 Тюменская область 6 градусные зоны 
Зона 1,8,1001,7,63.05,0,1,1500000,-5811057.63
Зона 2,8,1001,7,69.05,0,1,2500000,-5811057.63
Зона 3,8,1001,7,75.05,0,1,3500000,-5811057.63

MSK73
МСК-73 Ульяновская область 
Зона 1,8,1001,7,46.05,0,1,1300000,-5514743.504
Зона 2,8,1001,7,49.05,0,1,2300000,-5514743.504

MSK74_GOST08
МСК-74 Челябинская область ГОСТ 51794-2008 
МСК-74 зона 1,8,9999,3,23.57,-140.95,-79.8,0,-0.35,-0.79,-0.22,0,7,58.03333333333,0,1,1300000,-5509414.70
МСК-74 зона 2,8,9999,3,23.57,-140.95,-79.8,0,-0.35,-0.79,-0.22,0,7,61.03333333333,0,1,2300000,-5509414.70
МСК-74 зона 3,8,9999,3,23.57,-140.95,-79.8,0,-0.35,-0.79,-0.22,0,7,64.03333333333,0,1,3300000,-5509414.70

MSK74
МСК-74 Челябинская область 
МСК-74 зона 1,8,1001,7,58.03333333333,0,1,1300000,-5509414.70
МСК-74 зона 2,8,1001,7,61.03333333333,0,1,2300000,-5509414.70
МСК-74 зона 3,8,1001,7,64.03333333333,0,1,3300000,-5509414.70

MSK75
МСК-75 Забайкальский край 
МСК-75 зона 1,8,1001,7,109.03333333333,0,1,1250000,-5111057.628
МСК-75 зона 2,8,1001,7,112.03333333333,0,1,2250000,-5111057.628
МСК-75 зона 3,8,1001,7,115.03333333333,0,1,3250000,-5111057.628
МСК-75 зона 4,8,1001,7,118.03333333333,0,1,4250000,-5111057.628
МСК-75 зона 5,8,1001,7,121.03333333333,0,1,5250000,-5111057.628

MSK76
МСК-76 Ярославская область 
МСК-76 зона 1,8,1001,7,38.55,0,1,1250000,-6014743.504
МСК-76 зона 2,8,1001,7,41.55,0,1,2250000,-6014743.504

MSK83_6
МСК-83 Ненецкий автономный округ 6 градусные зоны 
МСК-83 зона 3,8,1001,7,44.03333333,0,1,3400000,-6511057.628
МСК-83 зона 4,8,1001,7,50.03333333,0,1,4400000,-6511057.628
МСК-83 зона 5,8,1001,7,56.03333333,0,1,5400000,-6511057.628

MSK83
МСК-83 Ненецкий автономный округ                
МСК-83 зона 3,8,1001,7,44.03333333333,0,1,3400000,-6511057.628
МСК-83 зона 4,8,1001,7,50.03333333333,0,1,4400000,-6511057.628
МСК-83 зона 5,8,1001,7,56.03333333333,0,1,5400000,-6511057.628
МСК-83 зона 6,8,1001,7,62.03333333333,0,1,6400000,-6511057.628
МСК-83 зона 7,8,1001,7,68.03333333333,0,1,7400000,-6511057.628

MSK86
МСК-86 Ханты-Мансийский автономный округ — Югра 
МСК-86 зона 1,8,1001,7,60.05,0,1,1500000,-5811057.63
МСК-86 зона 2,8,1001,7,66.05,0,1,2500000,-5811057.63
МСК-86 зона 3,8,1001,7,72.05,0,1,3500000,-5811057.63
МСК-86 зона 4,8,1001,7,78.05,0,1,4500000,-5811057.63
МСК-86 зона 5,8,1001,7,84.05,0,1,5500000,-5811057.63

MSK86_GOST08
МСК-86 Ханты-Мансийский автономный округ — Югра ГОСТ 51794-2008 
МСК-86 зона 1,8,9999,3,23.57,-140.95,-79.8,0,-0.35,-0.79,-0.22,0,7,60.05,0,1,1500000,-5811057.63
МСК-86 зона 2,8,9999,3,23.57,-140.95,-79.8,0,-0.35,-0.79,-0.22,0,7,66.05,0,1,2500000,-5811057.63
МСК-86 зона 3,8,9999,3,23.57,-140.95,-79.8,0,-0.35,-0.79,-0.22,0,7,72.05,0,1,3500000,-5811057.63
МСК-86 зона 4,8,9999,3,23.57,-140.95,-79.8,0,-0.35,-0.79,-0.22,0,7,78.05,0,1,4500000,-5811057.63
МСК-86 зона 5,8,9999,3,23.57,-140.95,-79.8,0,-0.35,-0.79,-0.22,0,7,84.05,0,1,5500000,-5811057.63

MSK87
МСК-87 Чукотский автономный округ 
МСК-87 зона 3,8,1001,7,156.45,0,1,3400000,-6212900.566
МСК-87 зона 4,8,1001,7,162.45,0,1,4400000,-6212900.566
МСК-87 зона 5,8,1001,7,168.45,0,1,5400000,-6212900.566
МСК-87 зона 6,8,1001,7,174.45,0,1,6400000,-6212900.566
МСК-87 зона 7,8,1001,7,180.45,0,1,7400000,-6212900.566
МСК-87 зона 8,8,1001,7,186.45,0,1,8400000,-6212900.566

SK63_W6
Система 1963 года,6 градусная зона,район W 
1963_W6 зона 1,8,1001,7,60.05,0,1,1500000,-11057.63
1963_W6 зона 2,8,1001,7,66.05,0,1,2500000,-11057.63
1963_W6 зона 3,8,1001,7,72.05,0,1,3500000,-11057.63
1963_W6 зона 4,8,1001,7,78.05,0,1,4500000,-11057.63
1963_W6 зона 5,8,1001,7,84.05,0,1,5500000,-11057.63
1963_W6 зона 6,8,1001,7,90.05,0,1,6500000,-11057.63
1963_W6 зона 7,8,1001,7,96.05,0,1,7500000,-11057.63
1963_W6 зона 8,8,1001,7,102.05,0,1,8500000,-11057.63
1963_W6 зона 9,8,1001,7,108.05,0,1,9500000,-11057.63
1963_W6 зона 10,8,1001,7,114.05,0,1,10500000,-11057.63
1963_W6 зона 11,8,1001,7,120.05,0,1,11500000,-11057.63
1963_W6 зона 12,8,1001,7,126.05,0,1,12500000,-11057.63
1963_W6 зона 13,8,1001,7,132.05,0,1,13500000,-11057.63
1963_W6 зона 14,8,1001,7,138.05,0,1,14500000,-11057.63
1963_W6 зона 15,8,1001,7,144.05,0,1,15500000,-11057.63
1963_W6 зона 16,8,1001,7,150.05,0,1,16500000,-11057.63
1963_W6 зона 17,8,1001,7,156.05,0,1,17500000,-11057.63

SK63_W3
Система 1963 года,3 градусная зона,район W 
1963_W3 зона 1,8,1001,7,60.05,0,1,1500000,-11057.63
1963_W3 зона 2,8,1001,7,63.05,0,1,2500000,-11057.63
1963_W3 зона 3,8,1001,7,66.05,0,1,3500000,-11057.63
1963_W3 зона 4,8,1001,7,69.05,0,1,4500000,-11057.63
1963_W3 зона 5,8,1001,7,72.05,0,1,5500000,-11057.63
1963_W3 зона 6,8,1001,7,75.05,0,1,6500000,-11057.63
1963_W3 зона 7,8,1001,7,78.05,0,1,7500000,-11057.63
1963_W3 зона 8,8,1001,7,81.05,0,1,8500000,-11057.63
1963_W3 зона 9,8,1001,7,84.05,0,1,9500000,-11057.63
1963_W3 зона 10,8,1001,7,87.05,0,1,10500000,-11057.63